0 28.613007195843952
1 27.366094729012254
2 26.439435012532506
3 25.696249132421148
4 25.052915420765085
5 24.457899165151456
6 23.86164439248754
7 23.20769866180339
8 22.42224287308432
9 21.402567395169015
10 20.01094722951299
11 18.090719278272957
12 15.533814801859574
13 12.442195821293675
14 9.31416158344012
15 6.841309865906763
16 5.300173793042148
17 4.459739615731519
18 4.000822038600583
19 3.727976222286594
20 3.5465236362083887
21 3.411065717014938
22 3.2992647644310926
23 3.200436824114787
24 3.1098098952706814
25 3.025357091844373
26 2.9461108616721354
27 2.8713700224001633
28 2.800431823596718
29 2.7326125870846134
30 2.6673961922333462
31 2.6045985348386633
32 2.5444762684019233
33 2.4877457282748656
34 2.4355123346256886
35 2.389138511956629
36 2.3500952196282414
37 2.3198459275097383
38 2.299802619259508
39 2.291375058784616
40 2.296114078688278
41 2.315935595933279
42 2.2474870054620455
43 2.180457558216976
44 2.1967205126230946
45 2.230252264098576
46 2.1356142001959904
47 2.0493633395174395
48 2.067916513338075
49 2.1090426561859026
50 1.9985597209169843
51 1.9042228869111575
52 1.9291540609910023
53 1.9933254413827322
54 1.8810384420210136
55 1.7826803824150261
56 1.8364934506372836
57 1.9750329521165129
58 1.9750329521165129
59 1.5083659300972756
60 1.4966219093220028
61 1.4744305245641123
62 1.439673848461391
63 1.3990248876524842
64 1.356242646679692
65 1.314622535655984
66 1.2794579358065934
67 1.259956690615824
68 1.2705638579213354
69 1.331193442011306
70 1.331193442011306
71 1.1434034895788832
72 1.1800612628372873
73 1.196146993245298
74 1.1900623786956026
75 1.1840723143514291
76 1.1825236733794513
77 1.1684925841295848
78 1.1444577676939691
79 1.1104301608162697
80 1.066496581350613
81 1.0141543068243588
82 0.9571769865912338
83 0.9021042577103352
84 0.8581214330035014
85 0.83600342149489
86 0.8459830994752983
87 0.8946831001211798
88 0.8946831001211798
89 0.7254023567644691
90 0.8224803321464196
91 0.8224803321464196
92 0.7281498765052812
93 0.7556675347851214
94 0.7989983101301212
95 0.7989983101301212
96 0.6555305692059291
97 0.657360843512585
98 0.6698604596805914
99 0.6683064771562813
100 0.6663159471394327
101 0.6813046656257392
102 0.6990668938382291
103 0.6951824617672583
104 0.6916335870410248
105 0.7130232193865444
106 0.7370923965501265
107 0.7303743366993615
108 0.7246560021433117
109 0.7528797994384319
110 0.7836689906499427
111 0.7836689906499427
112 0.5905072006894752
113 0.5910117455676013
114 0.6028061269169762
115 0.6000051800296226
116 0.5969739284012845
117 0.6098660008740301
118 0.6249598480807285
119 0.6202632631395145
120 0.6159736542694623
121 0.6338581752572946
122 0.6542874085607395
123 0.64765022391224
124 0.641836602221696
125 0.665791085509854
126 0.6926037103206393
127 0.6926037103206393
128 0.5267273476374088
129 0.5262564453576921
130 0.5354543297579707
131 0.5460798942335908
132 0.5429642900781323
133 0.539933822168266
134 0.5524217940375844
135 0.5670881387507665
136 0.5626473271805907
137 0.558570984768274
138 0.5758582084349705
139 0.5957554191967978
140 0.5894713002089463
141 0.5838915990803927
142 0.6071425044454299
143 0.633484268402716
144 0.633484268402716
145 0.47471870050411846
146 0.474139119886551
147 0.4827491520802061
148 0.49279950938711486
149 0.49007673292137516
150 0.4874258124335235
151 0.4992665182324989
152 0.5132424056844709
153 0.5093021285704334
154 0.5056421341175452
155 0.5220718258363727
156 0.5411466561683352
157 0.5354282662262101
158 0.5302751187253135
159 0.5525287194359979
160 0.5525287194359979
161 0.43301748688551916
162 0.4322961337657669
163 0.44038784657559005
164 0.44992165609815077
165 0.4474827480895494
166 0.44511653419260494
167 0.45638231544488067
168 0.46973386934643335
169 0.4661750880934317
170 0.4628405574599033
171 0.47852006812737113
172 0.49686304637063106
173 0.49160101626042907
174 0.48680467092183094
175 0.5082111779565534
176 0.5082111779565534
177 0.3955450495982149
178 0.3948279862383246
179 0.40237650196146146
180 0.4113524935114589
181 0.40924173828973737
182 0.40719326276372464
183 0.4178427121764133
184 0.43052993686149665
185 0.4273875474063007
186 0.4244153962109119
187 0.4393298283781141
188 0.45692067495529093
189 0.45692067495529093
190 0.3599927554847789
191 0.359186830606033
192 0.36401004319228414
193 0.3699095693884488
194 0.36846900036004315
195 0.3670773939480604
196 0.3742411744490004
197 0.38288815560796874
198 0.3808878214766916
199 0.37895059752176546
200 0.3891980185879225
201 0.4014425351904428
202 0.3984669781869294
203 0.39564157492963353
204 0.4100623831147825
205 0.4271907059300353
206 0.4271907059300353
207 0.3344006285627584
208 0.3336849920886249
209 0.33832569563325965
210 0.3440188995846414
211 0.34279328358455224
212 0.3416145959321618
213 0.34853344456773583
214 0.3568963992276796
215 0.3551451278558527
216 0.3534381201987758
217 0.36335496360358227
218 0.3752625693536315
219 0.3725818175607963
220 0.3700172413043524
221 0.3840802910543959
222 0.4008978152497398
223 0.4008978152497398
224 0.3121094846100364
225 0.3115091857072157
226 0.31601535302067
227 0.3215641101116381
228 0.3205745266441251
229 0.31962467007112066
230 0.3263718580012255
231 0.3345388591223043
232 0.3330446282295295
233 0.33157479943236023
234 0.34126611396634354
235 0.35295518019955274
236 0.3505641709845647
237 0.34825827936193193
238 0.3621015264804678
239 0.3787548398483062
240 0.3787548398483062
241 0.29316537218933986
242 0.2926831400158876
243 0.2971140783598964
244 0.30258715746886156
245 0.30181983712524807
246 0.3010820982571855
247 0.3077327850847629
248 0.3157915992968509
249 0.3145262649144728
250 0.31326686407317117
251 0.3228340677205069
252 0.33441710531573293
253 0.3322742406122896
254 0.33019027904239107
255 0.3439410272159433
256 0.3439410272159433
257 0.27920829902683775
258 0.2787999353131992
259 0.28325731518158465
260 0.28876909243483007
261 0.28813722665355146
262 0.28752570961153484
263 0.29420868495493985
264 0.3023144691881456
265 0.30117418934646617
266 0.30002823472018836
267 0.30965661872006456
268 0.32134797577131097
269 0.31933067324006004
270 0.317356721475373
271 0.331261752375725
272 0.331261752375725
273 0.26691906196031845
274 0.26658326702238333
275 0.2710927834014719
276 0.2766789692761277
277 0.2761793558070514
278 0.2756882775168099
279 0.28244396681661665
280 0.29064414341461176
281 0.28961433557666494
282 0.288566271024542
283 0.2983060796941906
284 0.3101604427142713
285 0.3082423052237119
286 0.3063535134428941
287 0.3204696058549193
288 0.3204696058549193
289 0.2561168453357134
290 0.25584231378689753
291 0.2604218429711944
292 0.2661030731459768
293 0.2657141441698645
294 0.26532072426404724
295 0.27216889105253067
296 0.28048730920262605
297 0.2795391758026317
298 0.27856153807275336
299 0.28843916161181243
300 0.30048460877570593
301 0.30048460877570593
302 0.24375288852792198
303 0.24363766418921712
304 0.24684947959279435
305 0.2508466138199695
306 0.25073956276681064
307 0.2506335991511946
308 0.2554648393982114
309 0.261310696071362
310 0.2608384439823602
311 0.26032576781534233
312 0.26724159891830385
313 0.2756753374134248
314 0.2745877167140216
315 0.2734780130076881
316 0.2835426108988459
317 0.29585629868136026
318 0.29585629868136026
319 0.23754030182879407
320 0.23739190131489052
321 0.2406615947721238
322 0.2447457652937443
323 0.24464408048314454
324 0.24453654175208983
325 0.24946061219588966
326 0.2554263081500947
327 0.25493184692295023
328 0.2543917873562658
329 0.26144763889855216
330 0.27006898091274056
331 0.26893875702551545
332 0.26778313793895675
333 0.27807771075244536
334 0.290691301325614
335 0.290691301325614
336 0.2311129853799672
337 0.23096234117367448
338 0.23430268960375267
339 0.23848390576596237
340 0.23841393239707928
341 0.23832753471664148
342 0.24334511228841266
343 0.24942927387504374
344 0.24893254400724868
345 0.24838366582561874
346 0.25557366951181665
347 0.26437352034341605
348 0.2632193284427229
349 0.26203589675610983
350 0.27254681840505635
351 0.27254681840505635
352 0.22610995953525506
353 0.22593976322529297
354 0.22935927260465383
355 0.2336461472956977
356 0.23356837409199346
357 0.23346529179581343
358 0.23859300062314387
359 0.2448237204178423
360 0.24428908017078926
361 0.24369920332475684
362 0.2510685655432819
363 0.2601058449294469
364 0.25889516878102187
365 0.2576546376826316
366 0.26845808681814504
367 0.26845808681814504
368 0.22081701768482342
369 0.22064008018201234
370 0.22414413163898464
371 0.2285452974221843
372 0.2284883073471604
373 0.228394799328794
374 0.2336363310844506
375 0.24001377007969218
376 0.2394635223428916
377 0.23885324985284154
378 0.2463952288435056
379 0.25565798128805517
380 0.254409906238599
381 0.2531309886804497
382 0.26420910870968217
383 0.26420910870968217
384 0.21554199635585075
385 0.21536952754173946
386 0.21895433528117875
387 0.22346183351139837
388 0.22343117517071398
389 0.22335197339635496
390 0.22869461273541405
391 0.2352033329298462
392 0.23464259064909648
393 0.2340177839768495
394 0.24171527920342387
395 0.25118153050104947
396 0.24990377753476972
397 0.24859538753526156
398 0.2599230960979221
399 0.2599230960979221
400 0.2103792543409274
401 0.21021933488770292
402 0.2138786954069068
403 0.21848164761757444
404 0.21847813417139084
405 0.21841388007803286
406 0.22384293818129117
407 0.23046527998965644
408 0.22989552536355243
409 0.2292589267540646
410 0.23709306429701182
411 0.2467383615555416
412 0.2467383615555416
413 0.2034232548652806
414 0.20338909192482502
415 0.20594032156502395
416 0.20917103861515668
417 0.2093788899895725
418 0.2095369690852738
419 0.209658007732602
420 0.20975159638956728
421 0.2098236987260092
422 0.2098781782202388
423 0.20991775199181326
424 0.20994447689874554
425 0.20995999343318494
426 0.20996565431205325
427 0.20996259818466245
428 0.20995179616626122
429 0.21335991825172898
430 0.21753831619337105
431 0.21722684751494567
432 0.21685594080603843
433 0.22179732798576915
434 0.2279197112980726
435 0.22711098377978942
436 0.2262579589808564
437 0.23361959707999147
438 0.2427559612920259
439 0.2413103773696535
440 0.23984937052973235
441 0.25087727734923887
442 0.25087727734923887
443 0.20203985447434472
444 0.20181009145881196
445 0.20533359667715884
446 0.20979668012230804
447 0.20976654071062314
448 0.20965834724189708
449 0.21489025072258952
450 0.22130421826005994
451 0.22067356050803952
452 0.21997795098581002
453 0.22758982677837994
454 0.23699505415088817
455 0.23699505415088817
456 0.19484150474894604
457 0.19478581184218385
458 0.19724017071396407
459 0.20036872673973816
460 0.2006029572775681
461 0.20076681286594084
462 0.200888151305389
463 0.20098086071451263
464 0.20105216375309756
465 0.2011062791167457
466 0.20114600898420992
467 0.2011734179314126
468 0.20119013382590323
469 0.2011974917743362
470 0.20119661120687254
471 0.20118844286412152
472 0.20442142153614307
473 0.20841006739678156
474 0.2080833649430994
475 0.2076937109591077
476 0.2124215526997474
477 0.21831466044765016
478 0.21748821122426695
479 0.2166219077786782
480 0.22374199780438753
481 0.23260404414899882
482 0.23117087335115005
483 0.22973218012025584
484 0.24046969788342865
485 0.24046969788342865
486 0.19310812346850956
487 0.19292728282991162
488 0.19635621249360377
489 0.2006919613354047
490 0.20068083305037246
491 0.2005771039624927
492 0.20561520229240576
493 0.21180943450753767
494 0.21117082009007115
495 0.21047499612523146
496 0.21784759568992237
497 0.22696518355886214
498 0.22696518355886214
499 0.18638741911121068
500 0.18636396476906897
501 0.18873854835370493
502 0.1917634926723816
503 0.1920299383193194
504 0.19220837083356185
505 0.19234122984886592
506 0.19244539999186336
507 0.19252850761531215
508 0.19259465567019085
509 0.19264648682004837
510 0.1926859481334771
511 0.1927145903892159
512 0.19273369798863202
513 0.19274435517717267
514 0.1927474865583302
515 0.19274388577869464
516 0.19273423767959552
517 0.1957362467210386
518 0.1994634270981475
519 0.19912038142632893
520 0.19871721092740893
521 0.2031550893601071
522 0.20871372258115556
523 0.20788357514614697
524 0.2070244927293028
525 0.21377918970417134
526 0.2221904421052317
527 0.2208056402544441
528 0.219428715473054
529 0.22965196367561466
530 0.22965196367561466
531 0.18450786205632416
532 0.18440989622910847
533 0.1876964558693165
534 0.19182702089604609
535 0.19180638320770807
536 0.1916903293722212
537 0.19645689718202816
538 0.20232482369218402
539 0.20167865694381107
540 0.20099090032292632
541 0.20799599771499072
542 0.21663935727583253
543 0.21663935727583253
544 0.17818606199203915
545 0.17821447066449847
546 0.18048274877140363
547 0.1809019759519879
548 0.18126511802329945
549 0.18158262414830312
550 0.1818621137650992
551 0.18210971715731156
552 0.18233026666250993
553 0.18252755524863398
554 0.1827045919558803
555 0.1828638033755769
556 0.18300717983935058
557 0.1831363791064742
558 0.18325280029503493
559 0.18335763755955534
560 0.18345191996062157
561 0.1835365417608668
562 0.1836122859210652
563 0.18367984263751785
564 0.18373982417084314
565 0.18379277683872916
566 0.18383919079946476
567 0.18387950808897688
568 0.18391412926148407
569 0.18394341890395427
570 0.18396771023632974
571 0.18398730896584828
572 0.18400249653036685
573 0.18401353283962757
574 0.1840206586027241
575 0.1840240973136818
576 0.18402405695383334
577 0.1840207314589352
578 0.1859298337626197
579 0.18833320083164912
580 0.18805190101937122
581 0.1877138821453568
582 0.19058129891039605
583 0.19423242149460412
584 0.1935521289529838
585 0.1928456237157665
586 0.1973389134530146
587 0.20300043738023985
588 0.20191018906730512
589 0.20082544376754535
590 0.20779612528543728
591 0.21639055257246526
592 0.21639055257246526
593 0.17527900107000594
594 0.17517473686151103
595 0.1774055420036742
596 0.18025226875235908
597 0.18029310358037415
598 0.18024887054548488
599 0.1801786537390008
600 0.18338888750169097
601 0.18736736940546178
602 0.18688775549253175
603 0.18637079835410536
604 0.19113150124452155
605 0.19703280242268706
606 0.1960894049151216
607 0.1951472732402496
608 0.20229325439405368
609 0.21098495454944927
610 0.21098495454944927
611 0.16977469790877742
612 0.1698140141888507
613 0.17215342831074856
614 0.17243293914371724
615 0.1726442114674524
616 0.17281688902065417
617 0.17296139175499117
618 0.17308301774711898
619 0.17318521120174984
620 0.17327052834245998
621 0.1733409925817817
622 0.1733982582584219
623 0.17344370341126214
624 0.1734784907188519
625 0.17350361123759786
626 0.17351991738915393
627 0.1735281485442836
628 0.17352895119199802
629 0.173522894999817
630 0.17351048568458902
631 0.17575771331315232
632 0.1785664148820914
633 0.17821793312204415
634 0.1778298277637278
635 0.1812019763917285
636 0.18542636850318914
637 0.1846838392530051
638 0.18393680771927
639 0.189103436669677
640 0.19543821637571845
641 0.19435755907084673
642 0.1932818967406804
643 0.2008907237205819
644 0.2097696847349606
645 0.2097696847349606
646 0.16396692151965825
647 0.164073327514401
648 0.16668385929319912
649 0.1668076031373326
650 0.1668765160360548
651 0.1669232986958453
652 0.16695451845325748
653 0.1669722709126408
654 0.16697789521791237
655 0.1669725630048042
656 0.16695733343688182
657 0.1697538565250208
658 0.17319041112993502
659 0.17279569938882572
660 0.1723769982686019
661 0.17647038819112962
662 0.18147507113090738
663 0.18071251732653756
664 0.1799477913294839
665 0.1859326745203746
666 0.19297786850571985
667 0.19197326953098917
668 0.19092288106041766
669 0.19886579224644224
670 0.19886579224644224
671 0.15814304612558588
672 0.15844168806193643
673 0.16153072418197784
674 0.16149027431237964
675 0.16142724271186837
676 0.16501312625180717
677 0.16932587333107746
678 0.16886893895120517
679 0.16840331403921913
680 0.1734342962303337
681 0.17937665049520135
682 0.17862496692309213
683 0.17784144445474645
684 0.18458932195684008
685 0.19172951419436676
686 0.1909605175510816
687 0.19000923473765818
688 0.19643504218475474
689 0.19863953825771136
690 0.19905246170371316
691 0.19902945413008222
692 0.19927854127193054
693 0.19918694040293372
694 0.20313508487103207
695 0.2088632528571319
696 0.229887632299503
697 0.229887632299503
698 0.1514830589434282
699 0.15018066650992212
700 0.15431118959764661
701 0.1596046086640489
702 0.15808770347483303
703 0.15663521969779265
704 0.16241620209376997
705 0.16866480835309314
706 0.16705199468294094
707 0.16533057664639336
708 0.1704711592215245
709 0.17194435039594605
710 0.17097429982847792
711 0.16952709583164305
712 0.16497972540600414
713 0.15851555330711295
714 0.1688955293691862
715 0.1688955293691862
716 0.12041688689109474
717 0.11418525006781026
718 0.11157857986130913
719 0.11176294222995889
720 0.11428369865519095
721 0.11526552057794842
722 0.11638986724657785
723 0.11732969189450262
724 0.11800781970699083
725 0.1184181340108375
726 0.11859776587460655
727 0.11859702424331457
728 0.11846550897651116
729 0.12158621229967927
730 0.1243401369925666
731 0.12458916424381626
732 0.12390758028464988
733 0.12327489800548057
734 0.1228875297199177
735 0.11700948222563345
736 0.12035112583775016
737 0.1038644190524294
738 0.12275565148099458
739 0.12275565148099458
740 0.16475541210300065
741 0.16475541210300065
742 0.10320308533330165
743 0.09783482628927945
744 0.0958348017756423
745 0.09475639928968221
746 0.09408539306671498
747 0.09362924778739173
748 0.09330723913789864
749 0.09310057261782537
750 0.09303869302116227
751 0.09319568572311517
752 0.09369138368344906
753 0.09449254696624575
754 0.09542278248098159
755 0.09636830619866969
756 0.09729939610180662
757 0.09819791748614062
758 0.09905556761185506
759 0.09986924762502424
760 0.10063887632693509
761 0.10136602070016075
762 0.10205306709100145
763 0.10270272283333644
764 0.1033177279625599
765 0.10390069916754953
766 0.10445405537071925
767 0.10497999203567593
768 0.10548048309270155
769 0.10595729720995209
770 0.10641202030161337
771 0.10684607951770955
772 0.10726076609892259
773 0.10765725581144894
774 0.10803662647995023
775 0.10839987259872028
776 0.10874791724737136
777 0.10908162165048091
778 0.10940179275434263
779 0.10970918918291174
780 0.1100045259007009
781 0.1102884778663655
782 0.11056168291450634
783 0.11082474405941407
784 0.11107823137530473
785 0.1113226835736118
786 0.11155860936958398
787 0.11178648870711833
788 0.11200677389212393
789 0.11221989066988164
790 0.11242623927051827
791 0.11262619543798408
792 0.11282011145146417
793 0.11300831714342861
794 0.11319112091526475
795 0.11336881074914798
796 0.11354165521341951
797 0.1137099044579616
798 0.11387379119567465
799 0.11403353166614202
800 0.114189326577819
801 0.11434136202532028
802 0.11448981037891756
803 0.11463483114372676
804 0.11477657178663359
805 0.11491516852940348
806 0.11505074710691893
807 0.11518342348988124
808 0.11531330457166025
809 0.11544048881936729
810 0.11556506688943459
811 0.115687122208283
812 0.11580673151886633
813 0.11592396539398053
814 0.11603888871747146
815 0.1161515611344683
816 0.11626203747192197
817 0.11637036813073234
818 0.11647659945084586
819 0.1165807740506154
820 0.1166829311418402
821 0.1167831068217837
822 0.11688133434352298
823 0.11697764436589325
824 0.11707206518429848
825 0.1171646229435905
826 0.1172553418341937
827 0.1173442442725675
828 0.11743135106708627
829 0.11751668157035555
830 0.11760025381890751
831 0.11768208466119848
832 0.11776218987474232
833 0.11784058427321589
834 0.11791728180428496
835 0.11799229563883648
836 0.11806563825230985
837 0.11813732149873525
838 0.11820735667806644
839 0.11827575459732136
840 0.11834252562607442
841 0.11840767974672448
842 0.11847122659998996
843 0.11853317552603208
844 0.11859353560157201
845 0.1186523156733403
846 0.11870952438818311
847 0.11876517022010996
848 0.11881926149454686
849 0.11887180641006291
850 0.11892281305777203
851 0.11897228943863543
852 0.11902024347884929
853 0.11906668304349897
854 0.11911161594863848
855 0.11915504997194172
856 0.11919699286206765
857 0.11923745234684609
858 0.11927643614042799
859 0.11931395194946619
860 0.11935000747846115
861 0.11938461043431323
862 0.11941776853020028
863 0.11944948948883162
864 0.11947978104513748
865 0.1195086509484773
866 0.11953610696439303
867 0.11956215687596697
868 0.11958680848484637
869 0.11961006961193438
870 0.11963194809782357
871 0.11965245180298403
872 0.1196715886077351
873 0.11968936641203481
874 0.11970579313510658
875 0.11972087671492669
876 0.11973462510759611
877 0.1197470462865955
878 0.11975814824196554
879 0.11976793897941318
880 0.11977642651934534
881 0.11978361889586235
882 0.11978952415571117
883 0.11979415035720392
884 0.11979750556911174
885 0.11979959786954655
886 0.11980043534482787
887 0.11980002608834822
888 0.11979837819943535
889 0.12022102933942992
890 0.1207643310445817
891 0.1205466833306603
892 0.12038965761693601
893 0.121366078532209
894 0.12269055474044557
895 0.12261174282426375
896 0.1223811949372226
897 0.12425095234915759
898 0.12669166237521315
899 0.1269986657140354
900 0.12658050426880715
901 0.1264449344332075
902 0.12929615782347084
903 0.13229986508476718
904 0.13220721618960646
905 0.13005572895381518
906 0.12965917101995988
907 0.12315827034342743
908 0.19720202000732545
909 0.19720202000732545
910 0.11178370975862456
911 0.0781251429563316
912 0.074083977595514
913 0.07286130340253254
914 0.07515204870078343
915 0.07858867345069574
916 0.07858867345069574
917 0.08105369158864881
918 0.08419393482991479
919 0.08589636342292767
920 0.08754074008980926
921 0.08904694085811564
922 0.0904765758600669
923 0.09183573667456386
924 0.09313130823823376
925 0.09436748959729796
926 0.09554802515821188
927 0.09667627227310956
928 0.0977553139952219
929 0.09878798433541233
930 0.09977688992724777
931 0.10072442899690595
932 0.10163281017940773
933 0.1025040706697638
934 0.10334009329661832
935 0.1041426222162852
936 0.10491327709411447
937 0.10565356575891394
938 0.1063648953934215
939 0.10704858236836165
940 0.10770586084966496
941 0.10833789031546404
942 0.10894576211718907
943 0.10953050521105451
944 0.1100930911752089
945 0.11063443861548916
946 0.11115541705015088
947 0.11165685035188418
948 0.11213951981428495
949 0.11260416689981263
950 0.11305149571740193
951 0.11348217527006109
952 0.11389684150612131
953 0.1142960992021234
954 0.11468052370043218
955 0.11505066252073795
956 0.1154070368611912
957 0.11575014300212955
958 0.11608045362314771
959 0.11639841904232803
960 0.11670446838496791
961 0.11699901068793657
962 0.11728243594475968
963 0.11755511609575457
964 0.1178174059669513
965 0.11806964416092407
966 0.11831215390238622
967 0.11854524384096145
968 0.1187692088133643
969 0.11898433056698647
970 0.11919087844675084
971 0.11938911004691719
972 0.11957927182945037
973 0.11976159971049095
974 0.11993631961633654
975 0.12010364801032897
976 0.12026379239196193
977 0.12041695176948834
978 0.12056331710723626
979 0.12070307174882788
980 0.12083639181744239
981 0.1209634465942058
982 0.1210843988757978
983 0.12119940531226882
984 0.1213086167260764
985 0.12141217841328816
986 0.12151023042784541
987 0.12160290784980787
988 0.12169034103835603
989 0.1217726558704327
990 0.12184997396574722
991 0.1219224128988914
992 0.12199008639928119
993 0.12205310453960064
994 0.12211157391338315
995 0.12216559780234024
996 0.12221527633402887
997 0.12226070663040638
998 0.12230198294779841
999 0.122339196808786
