0 6.74124414317648
1 4.927040485380691
2 4.000065208360061
3 3.3965102828061595
4 2.9836389296751173
5 2.691236181711745
6 2.4759664922748685
7 2.309555754492778
8 2.1737530225282753
9 2.0570667368202407
10 1.9523875897837946
11 1.8553557747457494
12 1.7633180329881062
13 1.6746869151239532
14 1.5885445063386305
15 1.5043847116820177
16 1.4219347573124366
17 1.341029933068486
18 1.2615351742204115
19 1.1833139818386273
20 1.1062420031709006
21 1.0302541353701897
22 0.9554060527047392
23 0.8819275158678237
24 0.8102465237525317
25 0.7409697516161766
26 0.6748159463523046
27 0.612514964216641
28 0.554701649638316
29 0.501840067970161
30 0.45419944628539
31 0.41187357083567444
32 0.37481442964732575
33 0.34285753637711786
34 0.31573846762633145
35 0.2931094921973442
36 0.2745556028329679
37 0.2596010539602803
38 0.24770586899691183
39 0.23826770543743897
40 0.23064862018589602
41 0.22423032864726825
42 0.21847612845947423
43 0.2129681503293736
44 0.20741042745643393
45 0.2016180623910344
46 0.19551504734750896
47 0.18914241755595051
48 0.18266430575017908
49 0.17636349220742972
50 0.1706307643647217
51 0.16596360334151006
52 0.16299726929131136
53 0.16259902565098655
54 0.16607113569300747
55 0.1755431277255951
56 0.1755431277255951
57 0.10435443427698034
58 0.09760149344248673
59 0.0962357654574816
60 0.09597747615581444
61 0.09629676017900614
62 0.09701024139396425
63 0.0948670644320383
64 0.09232315860503407
65 0.09264216389622307
66 0.09376574838769043
67 0.09197538761973506
68 0.08958463063322
69 0.09037573401180805
70 0.09283097306530143
71 0.09155235486525128
72 0.08927977137823642
73 0.09198921916319855
74 0.10017590158342875
75 0.10017590158342875
76 0.06644749750290688
77 0.06267356058845741
78 0.06278482125031153
79 0.06363198902348136
80 0.06306467515388237
81 0.062327570680161926
82 0.06298104962668533
83 0.06369617388970394
84 0.06344889792106032
85 0.06274887368924106
86 0.06282082165738406
87 0.06309811930805558
88 0.06369696299423966
89 0.06354719083567434
90 0.0629900589841021
91 0.06261076233309724
92 0.06305489860223555
93 0.0684467304964285
94 0.0684467304964285
95 0.05338343880253502
96 0.049733947007617726
97 0.04981743310231836
98 0.050572732551867984
99 0.050146777203362816
100 0.04972067344870901
101 0.05047340915238012
102 0.05118456410219763
103 0.05157690580557503
104 0.0515769518960267
105 0.05132333001497985
106 0.05094939228239543
107 0.051041859934771554
108 0.05099839482564558
109 0.052910112970232036
110 0.05261593015527586
111 0.05628846039846051
112 0.05628846039846051
113 0.04516646127770516
114 0.04244567604700799
115 0.04260780203400638
116 0.04320293983893797
117 0.04265302508174047
118 0.042176395217680504
119 0.0428776327046154
120 0.04359100393871101
121 0.04405402676445401
122 0.04424394156484718
123 0.04420004421136417
124 0.044015845838398994
125 0.044358360291475565
126 0.044554230427651026
127 0.046531118302753464
128 0.046531118302753464
129 0.035563160051345064
130 0.03391697313814653
131 0.034116296566284274
132 0.03463178248641421
133 0.03410019285142815
134 0.03362858201384016
135 0.034271868784702335
136 0.03494173492802778
137 0.03493915528882798
138 0.03481286281425954
139 0.035320629278076644
140 0.03586780897698284
141 0.0364883118910744
142 0.03690535092987753
143 0.03710707967956275
144 0.03715692128496711
145 0.03710829131114216
146 0.036997411845635694
147 0.03742305226403145
148 0.03784923791031443
149 0.039440991783454775
150 0.039440991783454775
151 0.030168398857327597
152 0.028857503407970473
153 0.029079158346625857
154 0.029515623444173123
155 0.029025171709136925
156 0.028607070125281717
157 0.029151403418684392
158 0.029720875853922735
159 0.029760260345367502
160 0.02971653394621736
161 0.02960703015763615
162 0.0300832052822313
163 0.030707760888152847
164 0.03128026014118007
165 0.03175160540145645
166 0.032060448814917125
167 0.03223064034252315
168 0.03229775051757673
169 0.03229219898410498
170 0.03223650044136634
171 0.03296358559950668
172 0.03403954486355278
173 0.03477168254718385
174 0.03689814243364643
175 0.03689814243364643
176 0.026357490014934686
177 0.025219861380835186
178 0.025429911234329985
179 0.025784306541418712
180 0.025286102609205222
181 0.02487082568802624
182 0.0253192398063251
183 0.025820246503386126
184 0.025847542484448545
185 0.02582628277991621
186 0.025757729087065702
187 0.02630565341995908
188 0.027247577497080636
189 0.027699436742172675
190 0.02815263575569854
191 0.02850625816503051
192 0.028745316969532902
193 0.028885266858180877
194 0.02894766675209726
195 0.028952161618112104
196 0.028914418597221075
197 0.028846173091284684
198 0.03013525912157764
199 0.03013525912157764
200 0.02276038494841489
201 0.02205253989450339
202 0.022318533294438347
203 0.022637465596627937
204 0.022252735909231727
205 0.02191898622537779
206 0.022286444786422704
207 0.02275612964753772
208 0.02280828990457529
209 0.022827822814303123
210 0.02280823848857769
211 0.02275503976531289
212 0.023432529644813994
213 0.024876540615675926
214 0.024876540615675926
215 0.019018435297473907
216 0.01854010669100885
217 0.01871999609646145
218 0.018979375678459132
219 0.018705955075167015
220 0.018465263666423436
221 0.018778322783553267
222 0.019121100417992337
223 0.019072585537738752
224 0.019008024593894807
225 0.019400616870620807
226 0.020029434561457757
227 0.02018683775302168
228 0.020326231059011164
229 0.020428390390585686
230 0.020492277146362915
231 0.020522699084016396
232 0.020525746795778493
233 0.02050711749246706
234 0.020471623757372732
235 0.021528473296923194
236 0.021528473296923194
237 0.017084083374709628
238 0.01675470597510282
239 0.016946102214031634
240 0.017181096928632844
241 0.016968752971506924
242 0.016782009809968548
243 0.017056313925569493
244 0.01738694021482223
245 0.017369701352611466
246 0.017344002761845848
247 0.017838011474045998
248 0.018844594480232617
249 0.018844594480232617
250 0.01516693708499746
251 0.014936791862996514
252 0.015064080859634527
253 0.01524153932661566
254 0.015084053259119655
255 0.01494482641771726
256 0.015168038119495696
257 0.01541681688322267
258 0.015364496950946497
259 0.015310793216355909
260 0.015606263138760075
261 0.016050549928385057
262 0.016101983444556968
263 0.01614735504938382
264 0.016177952343596633
265 0.016193654302024504
266 0.016196373478148365
267 0.016188330584041954
268 0.016171556180334404
269 0.01696224164680236
270 0.01696224164680236
271 0.014099963717408612
272 0.01393240619444198
273 0.014067729055766188
274 0.01423585238154857
275 0.014108303682639496
276 0.013996138529328479
277 0.01420540001937596
278 0.014458847471083744
279 0.014428978385527669
280 0.014399993218181082
281 0.01477337757509474
282 0.015477553449760798
283 0.015477553449760798
284 0.012933930568027097
285 0.012816440927757477
286 0.012914952336925963
287 0.013044577001363378
288 0.012944988151258777
289 0.012857111580800825
290 0.013025377953719169
291 0.013217207529302626
292 0.013171904012420018
293 0.013130286440043848
294 0.013366202902790747
295 0.013702276282741377
296 0.013716486220042309
297 0.013730398336586984
298 0.01373802401159479
299 0.013739002325844893
300 0.013734151136589122
301 0.013724448271505898
302 0.014308626200075435
303 0.014308626200075435
304 0.012283259610278225
305 0.012194391104665837
306 0.012303720756787097
307 0.012435864512593256
308 0.012352336235257475
309 0.01227918159240492
310 0.012448455933041766
311 0.012653508590734004
312 0.012624184311849241
313 0.012598743269003046
314 0.012892703100664451
315 0.013399946523244579
316 0.013415956172744473
317 0.01343781860344604
318 0.013455572397112514
319 0.01346791323977704
320 0.013475066058417908
321 0.013477598068473113
322 0.013476115697580674
323 0.013471183046014905
324 0.014447492047093984
325 0.014447492047093984
326 0.011858493587506808
327 0.011780148073428871
328 0.011890529626667699
329 0.012021049893159096
330 0.011939881043046068
331 0.011869296159940285
332 0.012046235699570093
333 0.012288895896132211
334 0.01226667860855439
335 0.01224900060969221
336 0.012661669302086603
337 0.013486501804595825
338 0.013486501804595825
339 0.011127754222661742
340 0.011067668802917362
341 0.01115531386825516
342 0.011259737404736956
343 0.011190836437500245
344 0.011130411966427034
345 0.011267550854683063
346 0.011432798560280816
347 0.011399937778197705
348 0.011371994004191897
349 0.011600683909609782
350 0.011961718607649916
351 0.011965535569173028
352 0.011972654878115337
353 0.011977038095963174
354 0.011978051728440768
355 0.0119760021916331
356 0.01197134484114288
357 0.012637848537573335
358 0.012637848537573335
359 0.01074338449112046
360 0.010695627408230487
361 0.010791637531038843
362 0.010902511732655508
363 0.010842205704946784
364 0.010789814482857039
365 0.010938065810494802
366 0.011132389431328311
367 0.01111016721368688
368 0.01109241198367146
369 0.011399058920052118
370 0.011957938020714907
371 0.011957938020714907
372 0.010173475989847108
373 0.010140829182474909
374 0.010221935352565896
375 0.010313851889893227
376 0.010262451990128442
377 0.010217350273321298
378 0.010334963838075912
379 0.010474092343109986
380 0.010444838747489277
381 0.010420454263531562
382 0.010605853576798184
383 0.010875241944832486
384 0.01087336222077467
385 0.010874140564994108
386 0.011347280006578113
387 0.011347280006578113
388 0.009772128310418625
389 0.009750208014273525
390 0.00982918753872737
391 0.009916576452655227
392 0.009872449320195313
393 0.009833812799752607
394 0.009943817129450298
395 0.010072549025415491
396 0.010045561417301462
397 0.010023376492838035
398 0.010192051558044842
399 0.010427999645455112
400 0.010424384616297808
401 0.010423435359624651
402 0.010821179252690499
403 0.011595868560950831
404 0.011595868560950831
405 0.009557520525998285
406 0.009540459556356252
407 0.009626303633108105
408 0.009719768475901553
409 0.009678285450428151
410 0.009642444032963717
411 0.009761411825373972
412 0.009907241864626718
413 0.009886543578073469
414 0.009870338897396821
415 0.010078244965442807
416 0.010407111739129928
417 0.010410284985669614
418 0.010415755068945692
419 0.010419269554699474
420 0.010420509191741287
421 0.010419764562594521
422 0.010417387082358247
423 0.011011202848302612
424 0.011011202848302612
425 0.009381244855181105
426 0.009362856859654604
427 0.009452923978906005
428 0.009552142355827006
429 0.009511082526944777
430 0.009476057771364137
431 0.009607763562521396
432 0.00978221837221235
433 0.009766600587454993
434 0.009754968827373981
435 0.010029872009084461
436 0.01051737161629314
437 0.01051737161629314
438 0.008985697806604152
439 0.00897560449062057
440 0.009053793833061876
441 0.009137396314406037
442 0.009101637543941148
443 0.009070597010227811
444 0.009174235960780675
445 0.009297010609325296
446 0.009275525038870391
447 0.009258353813233377
448 0.009423306387128058
449 0.009661250780288295
450 0.009659682344605578
451 0.009660139654995953
452 0.01006764193750399
453 0.01006764193750399
454 0.008713431948790464
455 0.008708555617613502
456 0.00878390180385075
457 0.008863370982160931
458 0.008831739360368901
459 0.008804299187579117
460 0.008901280378058296
461 0.009014544620555816
462 0.008994021407854344
463 0.008977704758268269
464 0.009126591948287292
465 0.009333126150092566
466 0.009329878544250464
467 0.009328774081187187
468 0.009668784396581481
469 0.010306960858981964
470 0.010306960858981964
471 0.008577927881672864
472 0.00857453647106053
473 0.008654378933492324
474 0.008738331728280152
475 0.008707225238418576
476 0.008680639831801165
477 0.008785405647134967
478 0.008913493582362902
479 0.0088970074980936
480 0.00888446884358078
481 0.009065925598483227
482 0.009346729856217937
483 0.009349366589839042
484 0.009353230335196751
485 0.009355303328004475
486 0.009355464506628077
487 0.009354028617565053
488 0.009351327337372909
489 0.009844312051196279
490 0.009844312051196279
491 0.008458439327224421
492 0.008452271340836785
493 0.008535191038626566
494 0.008624023802021681
495 0.00859241343825139
496 0.008565782215570623
497 0.008681806014537363
498 0.008834047681211923
499 0.008821378904204863
500 0.00881213627833905
501 0.009047636134799926
502 0.009452480567720412
503 0.009452480567720412
504 0.008147825695988375
505 0.00814806474892734
506 0.0082207420894515
507 0.008195253716155017
508 0.008171179906774352
509 0.008248755050873656
510 0.008337329529999035
511 0.008315573017844944
512 0.008297992200745985
513 0.008409976500428204
514 0.008550567948336257
515 0.008541277097153917
516 0.008534723411230766
517 0.008740714810497544
518 0.00907910062825179
519 0.00908575368070489
520 0.009092426241241723
521 0.009096454908014973
522 0.009098146298926
523 0.009098030965245857
524 0.009096548322166945
525 0.00970894345303675
526 0.00970894345303675
527 0.008140576745283106
528 0.008135134711843616
529 0.008216306625126516
530 0.008304250588240107
531 0.008273971806387302
532 0.00824878751210779
533 0.008368573037435907
534 0.008534788095328521
535 0.008525200082451827
536 0.008518483851807167
537 0.008790663149660224
538 0.009284345799153867
539 0.009284345799153867
540 0.007849291497453958
541 0.007849414596099849
542 0.007920538109346311
543 0.007894798849605008
544 0.00787070325966566
545 0.007947038810284985
546 0.008035484206704554
547 0.00801525916440466
548 0.007999116794705165
549 0.008114277686444345
550 0.008265922649945258
551 0.008259430119562065
552 0.008255114879044572
553 0.008489322751582096
554 0.008895879951755503
555 0.008895879951755503
556 0.007647125773302058
557 0.007651771107680687
558 0.007720906180100561
559 0.007699743358609627
560 0.007679669120205343
561 0.007752051289305742
562 0.007834721600045759
563 0.007816399959745922
564 0.0078018849597219705
565 0.007907331660071102
566 0.008041876971965832
567 0.008034794381685577
568 0.008030029088367033
569 0.008230502243326124
570 0.008564594475876168
571 0.008564594475876168
572 0.007469180733194783
573 0.007476760057361879
574 0.007543226314345575
575 0.007525393792522507
576 0.007508272443829352
577 0.007576566897002216
578 0.007653666493094279
579 0.007636703124424563
580 0.0076233527379863985
581 0.007720122810269344
582 0.007840152093206695
583 0.00783242051784827
584 0.007827163827044454
585 0.008000146240410243
586 0.008276633048619754
587 0.008282846966031644
588 0.008288512692926804
589 0.008291777057717283
590 0.008292956736716704
591 0.00829254374031884
592 0.00829094507483674
593 0.00877884635598601
594 0.00877884635598601
595 0.007482709123469408
596 0.007483679584273899
597 0.0075569378663142605
598 0.007531731505144047
599 0.007508602957253377
600 0.0075897937549305105
601 0.007690287798934383
602 0.00767498802629377
603 0.007663468766387359
604 0.00780884562739707
605 0.008031972794409654
606 0.008033911967137437
607 0.008036235499885106
608 0.008037011441752971
609 0.00803627416737503
610 0.008034334478123873
611 0.00842280263515177
612 0.00842280263515177
613 0.007312358206428057
614 0.0073148879685154995
615 0.007385110474354363
616 0.0073621575887913475
617 0.0073409734820192515
618 0.007417224023622991
619 0.0075093054432298295
620 0.00749405203124478
621 0.00748244568198148
622 0.007611096914042529
623 0.007799833552210764
624 0.0077999156850868875
625 0.007800732889294786
626 0.007800410397995126
627 0.007798853530312165
628 0.008117070194640209
629 0.008117070194640209
630 0.007148987170974244
631 0.007153922554824098
632 0.007221466965451719
633 0.007201392525623068
634 0.007182698571155791
635 0.007254478055734983
636 0.007339377997097866
637 0.007324708899740122
638 0.007313529300114312
639 0.007428673492274698
640 0.007590816205834407
641 0.007589385457348266
642 0.007589015768974263
643 0.007855177728962003
644 0.008343863196486705
645 0.008343863196486705
646 0.0070135928925995905
647 0.007020084409241506
648 0.0070836377660073386
649 0.007064687232282064
650 0.007046906355731817
651 0.007113296795104018
652 0.007190741738376567
653 0.00717583472147713
654 0.007164437997025052
655 0.007267567727220855
656 0.007407594095228076
657 0.007404467659087525
658 0.007402789600714626
659 0.007624909810104869
660 0.008018106610864715
661 0.008018106610864715
662 0.006874814474878352
663 0.0068832364944166335
664 0.006944179065639165
665 0.00692770912938586
666 0.006912093666944951
667 0.006974600202893522
668 0.007046395594230038
669 0.007032182487777227
670 0.007021344153531388
671 0.0071148862350749326
672 0.007237532386659787
673 0.007233295275698026
674 0.00723078484319008
675 0.007418597859965131
676 0.007738481950736394
677 0.007738481950736394
678 0.006744736798822287
679 0.0067549889881778685
680 0.006813436400639175
681 0.006799365884323033
682 0.0067858572018281264
683 0.006844774207679017
684 0.006911539333179652
685 0.006898135879480321
686 0.006887962883409252
687 0.006973308773577925
688 0.007081714863053997
689 0.007076612229970154
690 0.007073463429483618
691 0.0072339598555905575
692 0.007496661406241975
693 0.007504507624937655
694 0.007510768572787767
695 0.007514345584441316
696 0.007515799379903252
697 0.007515709086544889
698 0.00751451195394314
699 0.007982196924117939
700 0.007982196924117939
701 0.0067801329273578905
702 0.006783545548243636
703 0.006847569008962226
704 0.006826395705661802
705 0.006807105328103625
706 0.006877858425929309
707 0.006967278357846146
708 0.006955091273814588
709 0.006946199907155073
710 0.007079441465457634
711 0.007289480946793361
712 0.007293255747308585
713 0.007296599906193843
714 0.007298181483908943
715 0.007298222405941864
716 0.007297096500703898
717 0.007295115955243612
718 0.007664348242754396
719 0.007664348242754396
720 0.00664385035984468
721 0.0066484745148481855
722 0.006709881818907189
723 0.006690450942975333
724 0.006672630846163108
725 0.0067389485126669296
726 0.006820380157125216
727 0.0068079846064066606
728 0.006798828421300398
729 0.00691579817486871
730 0.007092010899413089
731 0.007093848357477883
732 0.007095768557906737
733 0.007096390911700767
734 0.00709577125027077
735 0.007094175919338034
736 0.007394989585125769
737 0.007394989585125769
738 0.006511118758941465
739 0.006517783671795844
740 0.006576946500956669
741 0.006559960161969699
742 0.006544231935161403
743 0.0066066350960802
744 0.006681433943090973
745 0.006669416639374734
746 0.006660529726740838
747 0.006764570685819201
748 0.006914896585860293
749 0.006915170043925693
750 0.006915957502396496
751 0.006915816057401158
752 0.006914672596667648
753 0.007163611178176077
754 0.007627513915855709
755 0.007627513915855709
756 0.0063986258678790904
757 0.006406367877601982
758 0.0064618435387400275
759 0.0064455668750998535
760 0.006430392309174741
761 0.006487859901301874
762 0.006555649772650795
763 0.006543204805567349
764 0.006533946488407224
765 0.0066264161469287135
766 0.0067551185746135434
767 0.006753647718921541
768 0.00675315421988142
769 0.006961579368909321
770 0.007335876263013184
771 0.007335876263013184
772 0.00628694563427541
773 0.006296769098274244
774 0.006350280548816341
775 0.006336441705620469
776 0.006323355108771972
777 0.0063775491560659914
778 0.0064403034864189525
779 0.0064285171375538415
780 0.006419790586863997
781 0.006503288790469081
782 0.006615343567643283
783 0.006612795539953705
784 0.006611552077701761
785 0.006786969025238181
786 0.007090877686236699
787 0.007090877686236699
788 0.006184539490228838
789 0.006195901743037092
790 0.006247239808168331
791 0.006235466137679211
792 0.006224173897873542
793 0.006275199606213109
794 0.006333367708761647
795 0.006322199228385939
796 0.006313977889117204
797 0.006389771223505997
798 0.006488137789575851
799 0.006484676437041099
800 0.006482797477636875
801 0.006631842829075626
802 0.006880604879545263
803 0.006889414516872782
804 0.006896008181093689
805 0.00689979782341419
806 0.0069014883957485874
807 0.006901699805486697
808 0.006900876644476099
809 0.006899324436177355
810 0.0073430503614219
811 0.0073430503614219
812 0.006228607989118227
813 0.006232930319690639
814 0.006288945736815744
815 0.006270321556956459
816 0.006253457810406415
817 0.006315409537822239
818 0.006395313087010192
819 0.006385086343889871
820 0.0063777970970915615
821 0.0065001218298912904
822 0.006697315284213624
823 0.006702183912679354
824 0.006706106264055147
825 0.0067081743800398025
826 0.006708726986844903
827 0.006708168271841142
828 0.006706813725719865
829 0.007057881711590557
830 0.007057881711590557
831 0.006116405630618946
832 0.006122332787935698
833 0.006176424265040038
834 0.006159594328478635
835 0.006144221902527606
836 0.0062023573464009656
837 0.006274917152678687
838 0.006264530023148339
839 0.006257063765879601
840 0.006364001353714311
841 0.006528861241699181
842 0.006531859227300596
843 0.00653450686137089
844 0.006535780011610645
845 0.00653583268644613
846 0.0065349557952502765
847 0.006533397258244221
848 0.006818001084775217
849 0.006818001084775217
850 0.006006379441660822
851 0.006014085204164504
852 0.006066245103487893
853 0.006051494445328959
854 0.00603788700664134
855 0.006092528294415088
856 0.006158906924395425
857 0.0061487201498552834
858 0.006141395120640582
859 0.006236006408676946
860 0.006375869670334373
861 0.006377258520967174
862 0.0063788027290088145
863 0.006379360787924145
864 0.006378941855437328
865 0.006377747141092444
866 0.006612343545001182
867 0.007055005993259081
868 0.007055005993259081
869 0.005913505207780065
870 0.005922281703102131
871 0.005971264359144483
872 0.005957116139786903
873 0.0059439620808067846
874 0.00599419667872554
875 0.006054103521418292
876 0.006043446578051361
877 0.006035726731685662
878 0.006119357850542868
879 0.006238383906235345
880 0.006238043790988859
881 0.0062383705877384205
882 0.006434775012316469
883 0.006439710557372937
884 0.006443423389341247
885 0.006445397551888747
886 0.006446004308912296
887 0.006445619125039568
888 0.006444523804953199
889 0.006789313601288785
890 0.006789313601288785
891 0.005879550372754474
892 0.0058861969946291766
893 0.005937225182392906
894 0.005921720496675851
895 0.005907577145646805
896 0.005962293935493622
897 0.006031190173747541
898 0.006021747787946998
899 0.006015058718635884
900 0.006117802537900405
901 0.0062779252728601
902 0.00628134125176323
903 0.006284227982172031
904 0.006285719166355802
905 0.0062860104123609265
906 0.006285400690048579
907 0.006284136251812006
908 0.006562100547177725
909 0.006562100547177725
910 0.005781861562314384
911 0.0057900918105660976
912 0.005839223830303105
913 0.005825513794460569
914 0.005812876270797336
915 0.005864159499407418
916 0.005926913202052217
917 0.005917511890888988
918 0.005910845691968078
919 0.006001377646000598
920 0.00613668735227029
921 0.006138483702893004
922 0.006140295665431728
923 0.006141109289357184
924 0.00614096678457145
925 0.006140075057758289
926 0.006368739475687461
927 0.00680237530302079
928 0.00680237530302079
929 0.005699019466317908
930 0.005708329093611775
931 0.00575451299654064
932 0.005741347007201923
933 0.005729109193229735
934 0.005776209509544918
935 0.00583270911293115
936 0.005822814271906061
937 0.0058157434934823365
938 0.005895541678006636
939 0.006010346640449972
940 0.006010437951037415
941 0.006011077044387743
942 0.006011093110803517
943 0.006010391576645976
944 0.006009096352359099
945 0.00619785271067082
946 0.00654456433441682
947 0.00654456433441682
948 0.005610209649718543
949 0.005621002240959495
950 0.005665391794628897
951 0.00565408524978827
952 0.005643432419198996
953 0.005687644992654535
954 0.0057395455279915025
955 0.005730024978019325
956 0.0057232558450036174
957 0.0057946469712784445
958 0.005893536664663342
959 0.005892466140642104
960 0.005892332324354327
961 0.006051803103784817
962 0.00633407491615563
963 0.00633407491615563
964 0.0055339559728818715
965 0.005546411458178095
966 0.005589271017689969
967 0.005579966936698726
968 0.005571023516124848
969 0.005612700064193443
970 0.005660681065613116
971 0.005651744442148009
972 0.005645454648057653
973 0.005709865621186458
974 0.005795986884790767
975 0.005794041406529633
976 0.005793339332975763
977 0.005927991599989885
978 0.006158301095629274
979 0.006167710596623843
980 0.0061745006187534195
981 0.006178491029484217
982 0.006180482230362445
983 0.006181105095159675
984 0.0061807929055370005
985 0.006179836138538141
986 0.0065950289643051324
987 0.0065950289643051324
988 0.005587543216370581
989 0.005593306955482021
990 0.0056402423748785355
991 0.00562480948093506
992 0.0056108913178248
993 0.005662604407672779
994 0.005731226031160272
995 0.005723134547801592
996 0.005717588926526003
997 0.005826577968311791
998 0.00600744839832072
999 0.006013229615750861
